load data..
vectorize data..
Vocab size: 129
['F' 'M']
Classifier accuracy train: 50.00
===== dev set ====
Classifier: 48.84
             precision    recall  f1-score   support

          F     0.4941    0.9767    0.6562        43
          M     0.0000    0.0000    0.0000        43

avg / total     0.2471    0.4884    0.3281        86

weighted f1: 32.8
['F' 'M']
Classifier accuracy train: 50.52
===== dev set ====
Classifier: 50.00
             precision    recall  f1-score   support

          F     0.0000    0.0000    0.0000        43
          M     0.5000    1.0000    0.6667        43

avg / total     0.2500    0.5000    0.3333        86

weighted f1: 33.3
['F' 'M']
Classifier accuracy train: 50.00
===== dev set ====
Classifier: 48.84
             precision    recall  f1-score   support

          F     0.4941    0.9767    0.6562        43
          M     0.0000    0.0000    0.0000        43

avg / total     0.2471    0.4884    0.3281        86

weighted f1: 32.8
['F' 'M']
Classifier accuracy train: 50.00
===== dev set ====
Classifier: 50.00
             precision    recall  f1-score   support

          F     0.5000    1.0000    0.6667        43
          M     0.0000    0.0000    0.0000        43

avg / total     0.2500    0.5000    0.3333        86

weighted f1: 33.3
['F' 'M']
Classifier accuracy train: 50.00
===== dev set ====
Classifier: 50.00
             precision    recall  f1-score   support

          F     0.5000    1.0000    0.6667        43
          M     0.0000    0.0000    0.0000        43

avg / total     0.2500    0.5000    0.3333        86

weighted f1: 33.3
['F' 'M']
Classifier accuracy train: 55.22
===== dev set ====
Classifier: 60.71
             precision    recall  f1-score   support

          F     0.5616    0.9762    0.7130        42
          M     0.9091    0.2381    0.3774        42

avg / total     0.7354    0.6071    0.5452        84

weighted f1: 54.5
['F' 'M']
Classifier accuracy train: 51.96
===== dev set ====
Classifier: 54.76
             precision    recall  f1-score   support

          F     1.0000    0.0952    0.1739        42
          M     0.5250    1.0000    0.6885        42

avg / total     0.7625    0.5476    0.4312        84

weighted f1: 43.1
['F' 'M']
Classifier accuracy train: 52.35
===== dev set ====
Classifier: 52.38
             precision    recall  f1-score   support

          F     0.7500    0.0714    0.1304        42
          M     0.5125    0.9762    0.6721        42

avg / total     0.6312    0.5238    0.4013        84

weighted f1: 40.1
['F' 'M']
Classifier accuracy train: 52.48
===== dev set ====
Classifier: 51.19
             precision    recall  f1-score   support

          F     0.6000    0.0714    0.1277        42
          M     0.5063    0.9524    0.6612        42

avg / total     0.5532    0.5119    0.3944        84

weighted f1: 39.4
['F' 'M']
Classifier accuracy train: 50.39
===== dev set ====
Classifier: 52.38
             precision    recall  f1-score   support

          F     0.7500    0.0714    0.1304        42
          M     0.5125    0.9762    0.6721        42

avg / total     0.6312    0.5238    0.4013        84

weighted f1: 40.1
==================================
mean f1: 38.30 (6.55)
mean acc: 51.91 (3.41)
===
first instance
Majority weighted F1: 33.33 acc: 50.00
data data/EN-data-200tweets.json.balanced.punctAgr
test None
folds 10
analyze_features None
rm_uu False
tf_idf False
pred False
n_gram 1-1
embeds None
c_n_gram 0
only_mean False
C 1
show_instance False
